CPU 0 has 1109 preemption
CPU 1 has 645 preemption
CPU 2 has 482 preemption
CPU 3 has 499 preemption
CPU 4 has 484 preemption
CPU 5 has 469 preemption
CPU 6 has 488 preemption
CPU 7 has 490 preemption
CPU 8 has 488 preemption
CPU 9 has 883 preemption
CPU 10 has 482 preemption
CPU 11 has 693 preemption
CPU 12 has 487 preemption
CPU 13 has 503 preemption
CPU 14 has 590 preemption
CPU 15 has 568 preemption
CPU 16 has 496 preemption
CPU 17 has 489 preemption
CPU 18 has 478 preemption
CPU 19 has 453 preemption
CPU 20 has 435 preemption
CPU 21 has 472 preemption
CPU 22 has 447 preemption
CPU 23 has 521 preemption
CPU 24 has 440 preemption
CPU 25 has 39964 preemption
CPU 26 has 39964 preemption
CPU 27 has 39964 preemption
CPU 28 has 39963 preemption
CPU 29 has 39963 preemption
CPU 30 has 39963 preemption
CPU 31 has 39963 preemption
CPU 32 has 39963 preemption
CPU 33 has 39963 preemption
CPU 34 has 39963 preemption
CPU 35 has 39963 preemption
CPU 36 has 39963 preemption
CPU 37 has 39963 preemption
CPU 38 has 39963 preemption
CPU 39 has 39963 preemption
CPU 40 has 39963 preemption
CPU 41 has 39963 preemption
CPU 42 has 39963 preemption
CPU 43 has 39963 preemption
CPU 44 has 39963 preemption
CPU 45 has 39963 preemption
CPU 46 has 39963 preemption
CPU 47 has 39963 preemption
CPU 48 has 39963 preemption
CPU 49 has 39963 preemption
1633
1633
1633
1633
788
788
813
813
1619
1857
1857
2158
2102
4274
4274
4507
4601
4816
5770
5770
5443
3906
3258
3173
3147
3150
3151
3149
3149
3149
3149
3152
3149
3152
3152
3152
3165
3170
3170
3170
3170
3170
3170
3170
3170
3171
3170
3163
3170
3170
3170
3165
3170
3173
3171
3170
3171
3170
3163
3166
3169
3169
3169
3169
3169
3169
3169
3169
3267
3208
3267
3255
3195
3246
3195
3226
3195
3176
3167
3196
3196
3196
3160
3160
3224
3224
3215
3179
3183
3157
3183
3198
3394
3198
3160
3160
3160
3162
3170
3162
3283
3235
3189
3187
3189
3187
3178
3175
3180
3175
3180
3177
3176
3177
3160
3166
3166
3196
3177
3168
3165
3163
3155
3163
3155
3163
3155
3158
3163
3168
3173
3173
3169
3169
3169
3190
3169
3169
3169
3169
3172
3169
3169
3156
3165
3178
3326
3209
3184
3181
3198
3160
3157
3157
3177
3182
3223
3202
3220
3202
3220
3220
3224
3173
3173
3173
3173
3173
3167
3162
3175
3160
3175
3182
3159
3159
3170
3182
3199
3200
3173
3199
3199
3199
3176
3176
3269
3218
3183
3209
3163
3166
3154
3154
3151
3149
3149
3175
3175
3370
3161
3161
3184
3184
3184
3152
3150
3149
3156
3156
3174
3155
3163
3157
3162
3165
3155
3165
3155
3165
3159
3160
3160
3161
3170
3170
3170
3170
3170
3170
3170
3170
3170
3169
3170
3170
3204
3168
3164
3168
3438
3223
3424
3217
3168
3168
3154
3168
3164
3164
3164
3164
3151
3152
3152
3150
3150
3150
3151
3151
3151
3151
3172
3252
3252
3157
3167
3156
3156
3159
3159
3246
3200
3192
3192
3173
3177
3179
3184
3179
3179
3156
3187
3189
3242
3208
3185
3155
3164
3151
3151
3155
3161
3277
3228
3222
3160
3153
3151
3153
3151
3151
3151
3169
3169
3189
3170
3161
3170
3170
3161
3168
3152
3172
3196
3343
3196
3279
3279
3279
3214
3187
3187
3167
3189
3210
3189
3154
3152
3161
3167
3166
3154
3154
3168
3189
3170
3154
3246
3292
3292
3246
3205
3188
3252
3205
3282
3273
3211
3211
3196
3179
3160
3179
3182
3208
3248
3195
3195
3185
3171
3171
3152
3208
3208
3208
3188
3208
3167
3172
3160
3166
3166
3155
3163
3166
3166
3167
3166
3167
3166
3159
3151
3155
3206
3160
3160
3162
3160
3201
3160
3151
3153
3153
3153
3153
3153
3154
3273
3166
3167
3167
3153
3157
3157
3162
3238
3238
3366
3447
