CPU 0 has 247 preemption
CPU 1 has 214 preemption
CPU 2 has 97 preemption
CPU 3 has 66 preemption
CPU 4 has 32 preemption
CPU 5 has 22 preemption
CPU 6 has 17 preemption
CPU 7 has 6 preemption
CPU 8 has 6 preemption
CPU 9 has 10 preemption
CPU 10 has 5 preemption
CPU 11 has 8 preemption
CPU 12 has 5 preemption
CPU 13 has 3 preemption
CPU 14 has 5 preemption
CPU 15 has 5 preemption
CPU 16 has 7 preemption
CPU 17 has 5 preemption
CPU 18 has 5 preemption
CPU 19 has 1 preemption
CPU 20 has 5 preemption
CPU 21 has 4 preemption
CPU 22 has 5 preemption
CPU 23 has 4 preemption
CPU 24 has 6 preemption
CPU 25 has 836658 preemption
CPU 26 has 836658 preemption
CPU 27 has 836658 preemption
CPU 28 has 836658 preemption
CPU 29 has 836658 preemption
CPU 30 has 836658 preemption
CPU 31 has 836658 preemption
CPU 32 has 836657 preemption
CPU 33 has 836657 preemption
CPU 34 has 836657 preemption
CPU 35 has 836657 preemption
CPU 36 has 836657 preemption
CPU 37 has 836657 preemption
CPU 38 has 836657 preemption
CPU 39 has 836657 preemption
CPU 40 has 836657 preemption
CPU 41 has 836657 preemption
CPU 42 has 836657 preemption
CPU 43 has 836657 preemption
CPU 44 has 836657 preemption
CPU 45 has 836657 preemption
CPU 46 has 836657 preemption
CPU 47 has 836657 preemption
CPU 48 has 836657 preemption
CPU 49 has 836657 preemption
1633
1633
1633
33
33
25
25
25
25
25
25
25
25
25
25
25
25
25
25
25
25
25
25
25
25
25
25
25
25
25
25
25
25
25
25
25
25
25
25
25
25
25
25
25
25
25
25
25
25
25
25
25
25
25
25
25
25
25
25
25
25
25
25
25
25
25
25
25
25
25
25
25
25
25
25
25
25
25
25
25
25
25
25
25
17
17
17
17
17
17
17
17
17
17
17
17
17
17
17
17
17
17
17
17
17
17
17
17
17
17
17
17
17
17
17
17
13
13
13
13
13
13
13
13
13
13
13
13
13
13
13
33
33
33
200
200
200
200
200
200
200
200
200
508
508
508
508
508
508
508
508
508
497
497
497
497
497
497
497
497
497
477
477
477
477
477
477
477
477
477
505
505
505
505
505
505
505
505
516
516
516
516
516
516
516
516
564
564
564
564
564
564
564
564
564
507
507
507
507
507
507
507
503
503
503
503
503
503
503
503
497
497
497
497
497
497
499
499
499
499
499
499
499
495
495
495
495
495
495
495
502
502
502
502
502
502
491
491
491
491
491
491
491
491
491
491
491
491
508
508
508
508
508
508
213
213
213
213
213
512
512
512
512
512
504
504
504
504
504
504
519
519
519
519
519
519
505
505
505
505
505
500
500
500
500
500
295
295
295
295
485
485
485
485
531
531
531
531
531
531
521
521
521
521
521
518
518
518
518
522
522
522
522
522
509
509
509
509
517
517
517
517
505
505
505
505
507
507
507
507
508
508
508
508
507
507
507
514
514
514
514
513
513
513
511
511
511
501
501
501
501
503
503
503
504
504
504
497
497
497
498
498
516
516
516
1285
1285
1285
1308
1308
1308
1308
1355
1355
1355
1917
1917
1917
1356
1356
1357
1357
1357
523
523
523
562
562
526
526
526
522
522
517
517
520
520
511
511
511
511
507
507
506
506
506
506
524
524
516
516
516
516
504
505
505
508
508
508
517
517
515
521
521
519
568
568
568
1296
1296
567
1302
1312
3226
3226
