CPU 0 has 1152 preemption
CPU 1 has 824 preemption
CPU 2 has 485 preemption
CPU 3 has 512 preemption
CPU 4 has 504 preemption
CPU 5 has 484 preemption
CPU 6 has 506 preemption
CPU 7 has 484 preemption
CPU 8 has 503 preemption
CPU 9 has 901 preemption
CPU 10 has 525 preemption
CPU 11 has 553 preemption
CPU 12 has 530 preemption
CPU 13 has 694 preemption
CPU 14 has 483 preemption
CPU 15 has 607 preemption
CPU 16 has 537 preemption
CPU 17 has 509 preemption
CPU 18 has 521 preemption
CPU 19 has 447 preemption
CPU 20 has 466 preemption
CPU 21 has 474 preemption
CPU 22 has 470 preemption
CPU 23 has 459 preemption
CPU 24 has 454 preemption
CPU 25 has 3687 preemption
CPU 26 has 3687 preemption
CPU 27 has 3687 preemption
CPU 28 has 3687 preemption
CPU 29 has 3687 preemption
CPU 30 has 3687 preemption
CPU 31 has 3687 preemption
CPU 32 has 3687 preemption
CPU 33 has 3687 preemption
CPU 34 has 3686 preemption
CPU 35 has 3686 preemption
CPU 36 has 3686 preemption
CPU 37 has 3686 preemption
CPU 38 has 3686 preemption
CPU 39 has 3686 preemption
CPU 40 has 3686 preemption
CPU 41 has 3686 preemption
CPU 42 has 3686 preemption
CPU 43 has 3686 preemption
CPU 44 has 3686 preemption
CPU 45 has 3686 preemption
CPU 46 has 3686 preemption
CPU 47 has 3686 preemption
CPU 48 has 3686 preemption
CPU 49 has 3686 preemption
1633
1633
1633
1199
1417
1417
4644
4658
4693
5286
6022
6022
4746
4746
3625
3209
3226
3786
3343
3232
3232
3343
3633
3633
3526
3526
3257
3701
3701
3701
3701
3646
3358
3893
3358
3248
3351
3232
3480
3170
3480
3618
3618
3520
3358
3520
3244
3232
3232
3406
3406
3235
3231
3231
3231
3237
3247
3269
3289
3291
3468
3286
3832
4578
4547
4578
4578
3834
3413
3413
3258
3227
3206
3206
3189
3294
3437
3437
3430
3256
3256
3251
3221
3681
3681
3681
3545
3430
3430
3269
3269
3269
3238
3238
3179
3264
3264
3264
4301
4301
4006
4301
4006
3511
3511
3344
3344
3226
3402
3402
3288
3547
3402
3316
4036
4117
4117
4117
4117
3388
3388
3388
3182
3444
3223
3225
3223
4123
4336
4336
4336
3416
3450
3453
3416
3453
3210
3185
3160
3197
3426
3426
3486
3647
3488
3488
3488
3488
3414
3194
3995
3995
3995
3373
3373
3452
3452
3373
3296
3598
3598
3598
3237
3200
3700
3185
3713
3260
3713
3240
3220
3206
3432
3432
3368
3395
3395
3395
3395
4694
4694
4694
3368
3227
3227
3356
3201
4345
4345
4345
3963
3368
3578
3169
3175
3186
3861
3870
3861
3861
3740
3777
3477
3477
3477
3477
3294
3294
3169
3172
3172
3187
3187
3355
3198
3520
3402
3520
3407
3407
3407
3407
3325
3199
3183
3167
3177
3178
3178
3178
3177
3177
3172
3177
3217
3227
3227
3212
3198
3198
3198
3198
3205
4887
3226
3226
3206
3324
3324
4375
3465
3786
4429
3351
3302
3231
3231
3231
3196
3231
3231
3324
3324
3324
3286
3201
3203
3188
3203
3203
3188
3163
3233
3233
3233
3233
3285
3285
3357
3316
3316
3316
3197
3271
3271
3595
3578
3595
3651
3270
3196
3196
3196
3193
3175
3175
3267
3813
3813
3539
3369
3369
3369
3201
3204
3204
3204
3493
3646
3898
3962
3428
3654
3238
3238
3238
3208
3172
3208
3385
3385
3208
3226
3208
3184
3245
3161
3216
3245
3604
3604
3397
3394
3262
3203
3234
3179
3186
3245
3221
3259
3259
3259
3185
3167
3185
3155
3151
3164
3164
3248
3248
3390
3204
3311
3194
3311
3169
3163
3544
3162
3172
3172
3394
3598
3598
3673
3420
3420
3223
3178
3178
3199
3199
3494
3185
3191
3177
3184
3355
3477
3477
3501
3356
3356
3219
3211
3211
3178
3197
3197
3197
3197
3158
3261
3269
3269
3591
3436
3436
4479
3222
3207
3197
3198
3248
3248
3373
3413
3413
3413
3492
3318
3318
5177
5592
5592
