CPU 0 has 349 preemption
CPU 1 has 279 preemption
CPU 2 has 181 preemption
CPU 3 has 188 preemption
CPU 4 has 183 preemption
CPU 5 has 183 preemption
CPU 6 has 179 preemption
CPU 7 has 184 preemption
CPU 8 has 186 preemption
CPU 9 has 321 preemption
CPU 10 has 184 preemption
CPU 11 has 205 preemption
CPU 12 has 184 preemption
CPU 13 has 255 preemption
CPU 14 has 196 preemption
CPU 15 has 273 preemption
CPU 16 has 210 preemption
CPU 17 has 191 preemption
CPU 18 has 190 preemption
CPU 19 has 202 preemption
CPU 20 has 178 preemption
CPU 21 has 189 preemption
CPU 22 has 196 preemption
CPU 23 has 186 preemption
CPU 24 has 184 preemption
CPU 25 has 903509 preemption
CPU 26 has 903509 preemption
CPU 27 has 903509 preemption
CPU 28 has 903509 preemption
CPU 29 has 903509 preemption
CPU 30 has 903509 preemption
CPU 31 has 903509 preemption
CPU 32 has 903509 preemption
CPU 33 has 903509 preemption
CPU 34 has 903509 preemption
CPU 35 has 903509 preemption
CPU 36 has 903509 preemption
CPU 37 has 903509 preemption
CPU 38 has 903509 preemption
CPU 39 has 903509 preemption
CPU 40 has 903508 preemption
CPU 41 has 903508 preemption
CPU 42 has 903508 preemption
CPU 43 has 903508 preemption
CPU 44 has 903508 preemption
CPU 45 has 903508 preemption
CPU 46 has 903508 preemption
CPU 47 has 903508 preemption
CPU 48 has 903508 preemption
CPU 49 has 903508 preemption
1633
1633
1633
527
465
449
449
448
450
450
449
449
449
467
450
450
450
449
449
450
452
452
448
466
466
451
448
448
472
453
453
447
450
450
455
458
458
448
463
463
463
464
464
450
451
451
466
448
448
460
451
451
468
463
463
450
450
461
462
462
451
449
449
448
465
465
448
449
449
472
455
455
452
462
462
450
448
448
448
448
455
460
460
447
475
475
452
447
447
448
463
463
455
455
448
448
448
463
462
462
454
453
453
447
450
450
450
463
463
451
451
450
452
452
448
449
449
448
463
463
455
455
447
452
452
449
459
459
450
449
449
448
448
448
452
710
710
710
710
743
743
743
743
3568
3568
3568
3568
3736
3736
3736
3736
3739
3739
3739
3739
3773
3773
3773
3773
3580
3580
3580
3580
2293
2293
2293
2293
3615
3615
3615
3789
3789
3789
3789
3789
3947
3947
3947
3947
3861
3861
3861
3861
3834
3834
3834
3834
3907
3907
3907
3907
3828
3828
3828
3785
3785
3785
3785
3769
3769
3769
3816
3816
3816
3816
3976
3976
3976
3901
3901
3901
3901
3766
3766
3766
3755
3755
3755
3746
3746
3746
3746
3746
3746
3839
3839
3839
3830
3830
3830
3830
3801
3801
3801
3761
3761
3761
3847
3847
3847
3897
3897
3897
3817
3817
3817
3786
3786
3785
3785
3785
3779
3779
3779
3775
3775
3789
3789
3789
3854
3854
3809
3809
3809
3715
3715
3666
3666
3666
3697
3697
3737
3737
3757
3757
3757
3861
3861
3890
3890
3890
3861
3861
3848
3848
3780
3780
3769
3769
3742
3742
3784
3784
3784
3849
3849
3844
3844
3814
3814
3794
3794
3794
3794
3802
3802
4025
4025
4035
4035
4006
4006
4006
4006
3972
3972
3893
3893
3962
3962
3920
3920
3945
3945
3890
3833
3833
3811
3811
3781
3781
3776
3803
3803
3972
3972
4095
4095
4095
4142
4035
4035
3879
3725
3725
3700
3700
3700
3746
3746
3746
3752
3754
3754
3826
3857
3857
3826
3832
3885
3885
3959
3885
3826
3826
3910
3826
3832
3859
3859
4064
4064
