CPU 0 has 328 preemption
CPU 1 has 291 preemption
CPU 2 has 160 preemption
CPU 3 has 148 preemption
CPU 4 has 138 preemption
CPU 5 has 110 preemption
CPU 6 has 109 preemption
CPU 7 has 6 preemption
CPU 8 has 8 preemption
CPU 9 has 9 preemption
CPU 10 has 76 preemption
CPU 11 has 65 preemption
CPU 12 has 57 preemption
CPU 13 has 37 preemption
CPU 14 has 7 preemption
CPU 15 has 7 preemption
CPU 16 has 5 preemption
CPU 17 has 10 preemption
CPU 18 has 7 preemption
CPU 19 has 6 preemption
CPU 20 has 6 preemption
CPU 21 has 4 preemption
CPU 22 has 6 preemption
CPU 23 has 5 preemption
CPU 24 has 5 preemption
CPU 25 has 643702 preemption
CPU 26 has 643702 preemption
CPU 27 has 643702 preemption
CPU 28 has 643701 preemption
CPU 29 has 643701 preemption
CPU 30 has 643701 preemption
CPU 31 has 643701 preemption
CPU 32 has 643701 preemption
CPU 33 has 643701 preemption
CPU 34 has 643701 preemption
CPU 35 has 643701 preemption
CPU 36 has 643701 preemption
CPU 37 has 643701 preemption
CPU 38 has 643701 preemption
CPU 39 has 643701 preemption
CPU 40 has 643701 preemption
CPU 41 has 643701 preemption
CPU 42 has 643701 preemption
CPU 43 has 643701 preemption
CPU 44 has 643701 preemption
CPU 45 has 643701 preemption
CPU 46 has 643701 preemption
CPU 47 has 643701 preemption
CPU 48 has 643701 preemption
CPU 49 has 643701 preemption
1633
1633
1633
135
135
40
44
69
69
69
69
69
69
69
69
69
69
69
69
69
69
69
69
69
69
69
69
69
68
68
68
68
68
68
68
68
68
68
68
68
68
68
68
68
68
68
68
68
68
68
68
68
68
68
68
68
68
68
68
68
68
68
68
68
68
68
68
68
68
68
68
68
68
68
68
68
68
68
68
68
68
68
68
68
68
68
68
68
68
68
68
68
68
68
68
68
68
68
68
68
68
68
68
68
68
68
68
68
68
68
68
68
68
68
68
68
68
68
68
68
68
68
68
68
68
68
68
68
68
68
68
68
68
535
535
535
535
535
535
535
536
536
536
536
536
536
1908
1908
1908
1908
1908
1908
1908
1908
1908
587
587
587
587
587
587
3279
3279
3279
3279
3279
3279
3279
3305
3305
3305
3305
3305
3305
3305
3305
3275
3275
3275
3275
3275
3275
3275
1918
1918
1918
1918
1918
1918
3274
3274
3274
3274
3274
3274
3274
3299
3299
3299
3299
3299
3299
3299
3311
3311
3311
3311
3311
3311
3302
3302
3302
3302
3302
3302
3302
3291
3291
3291
3291
3291
3291
3291
2077
2077
2077
2077
2077
2077
3312
3312
3312
3312
3312
3312
3309
3309
3309
3309
3309
3309
3306
3306
3306
3306
3306
3306
3314
3314
3314
3314
3314
3314
3303
3303
3303
3303
3303
3303
3300
3300
3300
3300
3300
3314
3314
3314
3314
3314
3319
3319
3319
3319
3319
3315
3315
3315
3315
3315
3298
3298
3298
3298
3298
1392
1392
1392
1392
1392
1392
1392
1392
1392
2022
2022
2022
2022
2022
3308
3308
3308
3308
1322
1322
1322
1322
1392
1392
1392
1392
3309
3309
3309
3309
3307
3307
3307
3307
1282
1282
1282
1282
1337
1337
1337
1337
3301
3301
3301
3314
3314
3314
1351
1351
1351
1351
1333
1333
1333
1910
1910
1910
1923
1923
1923
1989
1989
1989
1931
1931
1931
3330
3330
3330
3332
3332
3332
2038
2038
2038
1417
1417
1999
1999
1999
2052
2052
2052
1999
1999
1992
1992
1992
1991
1991
1988
1988
3340
3340
3340
2136
2136
3350
3350
2080
2080
2080
1291
1291
1910
1910
1323
1323
1938
1938
1458
1458
3364
3364
3357
3357
1951
1951
1405
1339
1339
801
801
762
762
1337
1945
1945
1961
1961
2063
3372
3372
3366
1923
1923
887
1320
1320
1335
1996
1984
3406
3406
3411
